# Ordre: tic	VALPHEN	VALCTRL	ETAT COURANT
0.117551	20	5	2.01017	7	7	
1	0.470094	-14.8824	5	1.65674	2.01017	51.9085	
2	0.161872	20.3525	5	2.07833	51.5551	-393.996	
3	-0.486052	-15.1907	5	1.90845	-443.472	4061.25	
4	0.0250906	19.7046	5	2.18836	4506.63	-40489.7	
5	-0.0464076	-14.6795	5	2.47588	-44994.1	405017	
6	0.1469	19.6331	5	0.843305	450014	-4.05005e+06	
7	-0.601416	-14.4862	5	1.1823	-4.50007e+06	4.05007e+07	
8	-0.443144	18.8848	5	2.41176	4.50007e+07	-4.05007e+08	
9	0.162105	-14.328	5	2.11196	-4.50007e+08	4.05007e+09	
